max_df=1000 max_k=20

== India  S1=883,188  true_pairs=3,059,843  retrieval 660s
  k    m  pair_recall  cands/S1  ceiling_F05
  3 None       0.5517      5.95       0.7403
  3    1       0.5234      2.79       0.7092
  3    2       0.5384      3.59       0.7238
  3    3       0.5429      3.97       0.7287
  5 None       0.6335      9.84       0.7877
  5    1       0.5879      3.37       0.7452
  5    2       0.6112      4.84       0.7645
  5    3       0.6186      5.60       0.7713
  8 None       0.6905     15.60       0.8256
  8    1       0.6236      3.76       0.7699
  8    2       0.6556      5.98       0.7943
  8    3       0.6668      7.35       0.8035
 10 None       0.7143     19.38       0.8414
 10    1       0.6354      3.89       0.7780
 10    2       0.6714      6.46       0.8050
 10    3       0.6847      8.17       0.8155
 15 None       0.7513     28.62       0.8653
 15    1       0.6483      4.06       0.7863
 15    2       0.6909      7.15       0.8179
 15    3       0.7083      9.52       0.8310
 20 None       0.7719     37.54       0.8780
 20    1       0.6518      4.13       0.7884
 20    2       0.6980      7.51       0.8225
 20    3       0.7179     10.29       0.8375
##### max_df=5000 max_df_pair=5000 sample=100000

== India  queries=100,000  true_pairs=346,449  time 443s
  k    m  pair_recall  cands/S1  ceiling_F05
  3 None       0.7848      6.00       0.9169
  3    1       0.7816      5.17       0.9148
  3    2       0.7839      5.70       0.9163
  3    3       0.7845      5.87       0.9166
  5 None       0.8707     10.00       0.9445
  5    1       0.8652      7.66       0.9416
  5    2       0.8690      9.02       0.9436
  5    3       0.8700      9.51       0.9442
  8 None       0.9009     16.00       0.9578
  8    1       0.8932     10.67       0.9541
  8    2       0.8984     13.48       0.9566
  8    3       0.8998     14.62       0.9573
 10 None       0.9112     20.00       0.9626
 10    1       0.9025     12.39       0.9586
 10    2       0.9083     16.19       0.9613
 10    3       0.9098     17.83       0.9620
 15 None       0.9262     30.00       0.9698
 15    1       0.9157     16.02       0.9651
 15    2       0.9225     22.27       0.9681
 15    3       0.9244     25.29       0.9690
 20 None       0.9345     40.00       0.9735
 20    1       0.9227     18.97       0.9684
 20    2       0.9302     27.55       0.9717
 20    3       0.9323     32.03       0.9726

##### max_df=5000 max_df_pair=5000 sample=100000

== India  queries=100,000  true_pairs=346,449  time 301s
  k    m  pair_recall  cands/S1  ceiling_F05
  3 None       0.7848      6.00       0.9169
  3    1       0.7816      5.17       0.9148
  3    2       0.7839      5.70       0.9163
  3    3       0.7845      5.87       0.9166
  5 None       0.8707     10.00       0.9445
  5    1       0.8652      7.66       0.9416
  5    2       0.8690      9.02       0.9436
  5    3       0.8700      9.51       0.9442
  8 None       0.9009     16.00       0.9578
  8    1       0.8932     10.67       0.9541
  8    2       0.8984     13.48       0.9566
  8    3       0.8998     14.62       0.9573
 10 None       0.9112     20.00       0.9626
 10    1       0.9025     12.39       0.9586
 10    2       0.9083     16.19       0.9613
 10    3       0.9098     17.83       0.9620
 15 None       0.9262     30.00       0.9698
 15    1       0.9157     16.02       0.9651
 15    2       0.9225     22.27       0.9681
 15    3       0.9244     25.29       0.9690
 20 None       0.9345     40.00       0.9735
 20    1       0.9227     18.97       0.9684
 20    2       0.9302     27.55       0.9717
 20    3       0.9323     32.03       0.9726

##### max_df=5000 max_df_pair=5000 sample=100000

== India  queries=100,000  true_pairs=346,449  time 252s
  k    m  pair_recall  cands/S1  ceiling_F05
  3 None       0.7848      6.00       0.9169
  3    1       0.7816      5.17       0.9148
  3    2       0.7839      5.70       0.9163
  3    3       0.7845      5.87       0.9166
  5 None       0.8707     10.00       0.9445
  5    1       0.8652      7.66       0.9416
  5    2       0.8690      9.02       0.9436
  5    3       0.8700      9.51       0.9442
  8 None       0.9009     16.00       0.9578
  8    1       0.8932     10.67       0.9541
  8    2       0.8984     13.48       0.9566
  8    3       0.8998     14.62       0.9573
 10 None       0.9112     20.00       0.9626
 10    1       0.9025     12.39       0.9586
 10    2       0.9083     16.19       0.9613
 10    3       0.9098     17.83       0.9620
 15 None       0.9262     30.00       0.9698
 15    1       0.9157     16.02       0.9651
 15    2       0.9225     22.27       0.9681
 15    3       0.9244     25.29       0.9690
 20 None       0.9345     40.00       0.9735
 20    1       0.9227     18.97       0.9684
 20    2       0.9302     27.55       0.9717
 20    3       0.9323     32.03       0.9726
